thumb down
70 70 70 0 0 0 0 0 0 0 0 0 0 0 0
index down
0 0 0 60 60 60 0 0 0 0 0 0 0 0 0
middle down
0 0 0 0 0 0 70 70 70 0 0 0 0 0 0
ring down
0 0 0 0 0 0 0 0 0 70 70 70 0 0 0
pinky down
0 0 0 0 0 0 0 0 0 0 0 0 80 80 80

thumb up
-10 -10 -10 60 60 60 70 70 70 70 70 70 80 80 80
index up
70 70 70 0 0 0 80 80 80 70 70 70 80 80 80
middle up
70 70 70 70 70 70 0 0 0 70 70 70 80 80 80
ring up
70 50 50 70 70 70 80 80 80 30 30 30 80 80 80
pinky up
70 50 50 70 70 70 80 80 80 70 70 70 10 10 10

grasp
20 25 25 70 70 70 70 70 70 70 70 70 70 70 70
pinch
20 9 9 35 35 35 35 35 35 0 0 0 0 0 0
horn 3
0 0 0 0 0 0 80 80 80 70 70 70 10 10 10
horn 2
30 30 30 0 0 0 80 80 80 70 70 70 10 10 10
phone
-20 -20 -20 70 70 70 80 80 80 70 70 70 0 0 0
number 3
-10 -10 -10 0 0 0 0 0 0 70 70 70 80 80 80
gun
-20 -20 -20 -10 -10 -10 80 80 80 70 70 70 80 80 80
victory
50 50 50 0 0 0 0 0 0 70 70 70 80 80 80

thumb-index
20 9 9 35 35 35 0 0 0 0 0 0 0 0 0
thumb-middle
20 9 9 0 0 0 35 35 35 0 0 0 0 0 0
thumb-ring
20 11 11 0 0 0 0 0 0 38 38 38 0 0 0
thumb-pinky
30 11 11 0 0 0 0 0 0 0 0 0 38 38 38
